0.0 17.39479535056941 23.64715438763934 18.037881574215582 28.01374130671787 21.236741011890857 20.709910758460705 16.93555905765967 18.595136699624454 22.52061694523881 24.526184557868337 22.430494863642505 
17.39479535056941 0.0 16.038517699002167 11.5187447801275 19.897254320003746 13.265801665482813 13.944257482649911 8.813142587804753 9.765443815470347 14.657249882277055 8.98878033552553 14.27895541313202 
23.64715438763934 16.038517699002167 0.0 11.900329440838664 22.035920565450187 15.896716456617549 16.075930732566086 12.090935368164658 8.009233761641456 14.100796743288065 19.234187293235085 15.90433749406142 
18.037881574215582 11.5187447801275 11.900329440838664 0.0 7.951099919745974 3.0951154270564114 12.133486719062162 9.435741386810635 9.166946872715693 5.407965775165451 12.845445624387759 13.08656208308307 
28.01374130671787 19.897254320003746 22.035920565450187 7.951099919745974 0.0 6.454664348056493 19.105410017179793 16.011518419065798 14.731657076507652 7.473206452350722 23.031412147111816 21.322768048440224 
21.236741011890857 13.265801665482813 15.896716456617549 3.0951154270564114 6.454664348056493 0.0 13.507714128876303 9.169614371117756 10.365839351487368 5.5691288515249315 16.979864715024412 14.820733569683297 
20.709910758460705 13.944257482649911 16.075930732566086 12.133486719062162 19.105410017179793 13.507714128876303 0.0 10.549645279025002 11.844472406262932 13.672185843555733 18.210145770415377 14.90762145159641 
16.93555905765967 8.813142587804753 12.090935368164658 9.435741386810635 16.011518419065798 9.169614371117756 10.549645279025002 0.0 7.149516857975197 10.531468548986389 14.937420426418738 10.078473481995696 
18.595136699624454 9.765443815470347 8.009233761641456 9.166946872715693 14.731657076507652 10.365839351487368 11.844472406262932 7.149516857975197 0.0 10.744769264001132 14.52224878594216 12.421419099191358 
22.52061694523881 14.657249882277055 14.100796743288065 5.407965775165451 7.473206452350722 5.5691288515249315 13.672185843555733 10.531468548986389 10.744769264001132 0.0 17.527963303874 16.051953687771867 
24.526184557868337 8.98878033552553 19.234187293235085 12.845445624387759 23.031412147111816 16.979864715024412 18.210145770415377 14.937420426418738 14.52224878594216 17.527963303874 0.0 18.486562920325206 
22.430494863642505 14.27895541313202 15.90433749406142 13.08656208308307 21.322768048440224 14.820733569683297 14.90762145159641 10.078473481995696 12.421419099191358 16.051953687771867 18.486562920325206 0.0 
