0.0 11.900329440838664 22.035920565450187 15.896716456617549 16.075930732566086 12.090935368164658 8.009233761641456 17.694730482984117 15.631537919169805 24.810844021228963 14.100796743288065 22.441764613776606 19.234187293235085 15.90433749406142 
11.900329440838664 0.0 7.951099919745974 3.0951154270564114 12.133486719062162 9.435741386810635 9.166946872715693 13.538916560132508 10.945643461546329 19.16685727366975 5.407965775165451 17.015002453714956 12.845445624387759 13.08656208308307 
22.035920565450187 7.951099919745974 0.0 6.454664348056493 19.105410017179793 16.011518419065798 14.731657076507652 21.725005298279093 19.402365471192315 29.34831341433526 7.473206452350722 26.200985966632693 23.031412147111816 21.322768048440224 
15.896716456617549 3.0951154270564114 6.454664348056493 0.0 13.507714128876303 9.169614371117756 10.365839351487368 14.801458369910119 12.94301588000996 22.458854419462078 5.5691288515249315 19.728560241481638 16.979864715024412 14.820733569683297 
16.075930732566086 12.133486719062162 19.105410017179793 13.507714128876303 0.0 10.549645279025002 11.844472406262932 15.25345161616349 13.700910436486508 21.872662305801263 13.672185843555733 18.776649694662634 18.210145770415377 14.90762145159641 
12.090935368164658 9.435741386810635 16.011518419065798 9.169614371117756 10.549645279025002 0.0 7.149516857975197 9.874149120260698 8.754304135455309 18.08160541710376 10.531468548986389 15.471195827429321 14.937420426418738 10.078473481995696 
8.009233761641456 9.166946872715693 14.731657076507652 10.365839351487368 11.844472406262932 7.149516857975197 0.0 11.037077653528378 9.572847484685159 19.72841397678994 10.744769264001132 17.385273088456962 14.52224878594216 12.421419099191358 
17.694730482984117 13.538916560132508 21.725005298279093 14.801458369910119 15.25345161616349 9.874149120260698 11.037077653528378 0.0 1.4786892484737677 23.320275678730567 16.235580180833846 20.593942547538944 10.687216215569983 15.430360269584034 
15.631537919169805 10.945643461546329 19.402365471192315 12.94301588000996 13.700910436486508 8.754304135455309 9.572847484685159 1.4786892484737677 0.0 16.599525594127066 14.299686405685117 14.618697750997146 8.589007401794948 14.13703406509906 
24.810844021228963 19.16685727366975 29.34831341433526 22.458854419462078 21.872662305801263 18.08160541710376 19.72841397678994 23.320275678730567 16.599525594127066 0.0 23.85851808901023 1.9963225522173247 25.959501707097516 23.62764752846671 
14.100796743288065 5.407965775165451 7.473206452350722 5.5691288515249315 13.672185843555733 10.531468548986389 10.744769264001132 16.235580180833846 14.299686405685117 23.85851808901023 0.0 20.39633556500896 17.527963303874 16.051953687771867 
22.441764613776606 17.015002453714956 26.200985966632693 19.728560241481638 18.776649694662634 15.471195827429321 17.385273088456962 20.593942547538944 14.618697750997146 1.9963225522173247 20.39633556500896 0.0 22.23442884964655 20.931898764236163 
19.234187293235085 12.845445624387759 23.031412147111816 16.979864715024412 18.210145770415377 14.937420426418738 14.52224878594216 10.687216215569983 8.589007401794948 25.959501707097516 17.527963303874 22.23442884964655 0.0 18.486562920325206 
15.90433749406142 13.08656208308307 21.322768048440224 14.820733569683297 14.90762145159641 10.078473481995696 12.421419099191358 15.430360269584034 14.13703406509906 23.62764752846671 16.051953687771867 20.931898764236163 18.486562920325206 0.0 
