0.0 18.381857858346887 11.358176439012164 12.523243815602415 6.382479230493778 11.827162020909208 8.568101333443039 8.738477891313844 4.530775563696028 13.53505513567683 12.896691730281505 
18.381857858346887 0.0 17.39479535056941 23.64715438763934 28.01374130671787 20.709910758460705 16.93555905765967 18.595136699624454 22.52061694523881 24.526184557868337 22.430494863642505 
11.358176439012164 17.39479535056941 0.0 16.038517699002167 19.897254320003746 13.944257482649911 8.813142587804753 9.765443815470347 14.657249882277055 8.98878033552553 14.27895541313202 
12.523243815602415 23.64715438763934 16.038517699002167 0.0 22.035920565450187 16.075930732566086 12.090935368164658 8.009233761641456 14.100796743288065 19.234187293235085 15.90433749406142 
6.382479230493778 28.01374130671787 19.897254320003746 22.035920565450187 0.0 19.105410017179793 16.011518419065798 14.731657076507652 7.473206452350722 23.031412147111816 21.322768048440224 
11.827162020909208 20.709910758460705 13.944257482649911 16.075930732566086 19.105410017179793 0.0 10.549645279025002 11.844472406262932 13.672185843555733 18.210145770415377 14.90762145159641 
8.568101333443039 16.93555905765967 8.813142587804753 12.090935368164658 16.011518419065798 10.549645279025002 0.0 7.149516857975197 10.531468548986389 14.937420426418738 10.078473481995696 
8.738477891313844 18.595136699624454 9.765443815470347 8.009233761641456 14.731657076507652 11.844472406262932 7.149516857975197 0.0 10.744769264001132 14.52224878594216 12.421419099191358 
4.530775563696028 22.52061694523881 14.657249882277055 14.100796743288065 7.473206452350722 13.672185843555733 10.531468548986389 10.744769264001132 0.0 17.527963303874 16.051953687771867 
13.53505513567683 24.526184557868337 8.98878033552553 19.234187293235085 23.031412147111816 18.210145770415377 14.937420426418738 14.52224878594216 17.527963303874 0.0 18.486562920325206 
12.896691730281505 22.430494863642505 14.27895541313202 15.90433749406142 21.322768048440224 14.90762145159641 10.078473481995696 12.421419099191358 16.051953687771867 18.486562920325206 0.0 
