0.0 16.038517699002167 11.5187447801275 19.897254320003746 13.265801665482813 13.944257482649911 8.813142587804753 9.765443815470347 18.51159393950743 14.657249882277055 16.29045372726812 8.98878033552553 14.27895541313202 
16.038517699002167 0.0 11.900329440838664 22.035920565450187 15.896716456617549 16.075930732566086 12.090935368164658 8.009233761641456 24.810844021228963 14.100796743288065 22.441764613776606 19.234187293235085 15.90433749406142 
11.5187447801275 11.900329440838664 0.0 7.951099919745974 3.0951154270564114 12.133486719062162 9.435741386810635 9.166946872715693 19.16685727366975 5.407965775165451 17.015002453714956 12.845445624387759 13.08656208308307 
19.897254320003746 22.035920565450187 7.951099919745974 0.0 6.454664348056493 19.105410017179793 16.011518419065798 14.731657076507652 29.34831341433526 7.473206452350722 26.200985966632693 23.031412147111816 21.322768048440224 
13.265801665482813 15.896716456617549 3.0951154270564114 6.454664348056493 0.0 13.507714128876303 9.169614371117756 10.365839351487368 22.458854419462078 5.5691288515249315 19.728560241481638 16.979864715024412 14.820733569683297 
13.944257482649911 16.075930732566086 12.133486719062162 19.105410017179793 13.507714128876303 0.0 10.549645279025002 11.844472406262932 21.872662305801263 13.672185843555733 18.776649694662634 18.210145770415377 14.90762145159641 
8.813142587804753 12.090935368164658 9.435741386810635 16.011518419065798 9.169614371117756 10.549645279025002 0.0 7.149516857975197 18.08160541710376 10.531468548986389 15.471195827429321 14.937420426418738 10.078473481995696 
9.765443815470347 8.009233761641456 9.166946872715693 14.731657076507652 10.365839351487368 11.844472406262932 7.149516857975197 0.0 19.72841397678994 10.744769264001132 17.385273088456962 14.52224878594216 12.421419099191358 
18.51159393950743 24.810844021228963 19.16685727366975 29.34831341433526 22.458854419462078 21.872662305801263 18.08160541710376 19.72841397678994 0.0 23.85851808901023 1.9963225522173247 25.959501707097516 23.62764752846671 
14.657249882277055 14.100796743288065 5.407965775165451 7.473206452350722 5.5691288515249315 13.672185843555733 10.531468548986389 10.744769264001132 23.85851808901023 0.0 20.39633556500896 17.527963303874 16.051953687771867 
16.29045372726812 22.441764613776606 17.015002453714956 26.200985966632693 19.728560241481638 18.776649694662634 15.471195827429321 17.385273088456962 1.9963225522173247 20.39633556500896 0.0 22.23442884964655 20.931898764236163 
8.98878033552553 19.234187293235085 12.845445624387759 23.031412147111816 16.979864715024412 18.210145770415377 14.937420426418738 14.52224878594216 25.959501707097516 17.527963303874 22.23442884964655 0.0 18.486562920325206 
14.27895541313202 15.90433749406142 13.08656208308307 21.322768048440224 14.820733569683297 14.90762145159641 10.078473481995696 12.421419099191358 23.62764752846671 16.051953687771867 20.931898764236163 18.486562920325206 0.0 
