0.0 18.435306017256483 11.284774559998116 12.210348806765351 5.990550623064694 11.554544937619555 8.298244605137326 8.481517613861197 13.565220097833956 12.80263064986723 
18.435306017256483 0.0 17.39479535056941 23.64715438763934 28.01374130671787 20.709910758460705 16.93555905765967 18.595136699624454 24.526184557868337 22.430494863642505 
11.284774559998116 17.39479535056941 0.0 16.038517699002167 19.897254320003746 13.944257482649911 8.813142587804753 9.765443815470347 8.98878033552553 14.27895541313202 
12.210348806765351 23.64715438763934 16.038517699002167 0.0 22.035920565450187 16.075930732566086 12.090935368164658 8.009233761641456 19.234187293235085 15.90433749406142 
5.990550623064694 28.01374130671787 19.897254320003746 22.035920565450187 0.0 19.105410017179793 16.011518419065798 14.731657076507652 23.031412147111816 21.322768048440224 
11.554544937619555 20.709910758460705 13.944257482649911 16.075930732566086 19.105410017179793 0.0 10.549645279025002 11.844472406262932 18.210145770415377 14.90762145159641 
8.298244605137326 16.93555905765967 8.813142587804753 12.090935368164658 16.011518419065798 10.549645279025002 0.0 7.149516857975197 14.937420426418738 10.078473481995696 
8.481517613861197 18.595136699624454 9.765443815470347 8.009233761641456 14.731657076507652 11.844472406262932 7.149516857975197 0.0 14.52224878594216 12.421419099191358 
13.565220097833956 24.526184557868337 8.98878033552553 19.234187293235085 23.031412147111816 18.210145770415377 14.937420426418738 14.52224878594216 0.0 18.486562920325206 
12.80263064986723 22.430494863642505 14.27895541313202 15.90433749406142 21.322768048440224 14.90762145159641 10.078473481995696 12.421419099191358 18.486562920325206 0.0 
