0.0 7.8954801972876725 2.856418576304764 0.8529758019754643 14.406732214188409 12.070759191018494 9.205823055417587 9.360443279090013 13.573662685231907 10.940597673037702 18.78149785253175 5.457021912542122 16.71019769903021 13.800776608391331 14.639465574189941 13.322501638859961 12.890771916844063 
7.8954801972876725 0.0 6.454664348056493 6.10728343600218 23.473894359088224 19.105410017179793 16.011518419065798 14.731657076507652 21.725005298279093 19.402365471192315 29.34831341433526 7.473206452350722 26.200985966632693 23.289505859049484 24.093154616117605 23.031412147111816 21.322768048440224 
2.856418576304764 6.454664348056493 0.0 2.6192989847932724 17.667834812394066 13.507714128876303 9.169614371117756 10.365839351487368 14.801458369910119 12.94301588000996 22.458854419462078 5.5691288515249315 19.728560241481638 16.5328132273071 17.441559101267455 16.979864715024412 14.820733569683297 
0.8529758019754643 6.10728343600218 2.6192989847932724 0.0 12.549214798245377 12.510563710745831 8.957055763843002 8.836579325936194 13.593703794122273 11.590956338536866 21.91939300150371 4.861602178677057 19.219161812417614 12.85982034054829 12.954774558786601 13.769949208155234 14.188601059574092 
14.406732214188409 23.473894359088224 17.667834812394066 12.549214798245377 0.0 17.959347777896458 14.375449304230852 9.869994554719007 19.891142441255983 17.570715920444933 26.648021302870667 15.325610328090164 24.264020755845568 2.8975718398717687 0.5680613168438458 20.771837158638935 17.845490096145674 
12.070759191018494 19.105410017179793 13.507714128876303 12.510563710745831 17.959347777896458 0.0 10.549645279025002 11.844472406262932 15.25345161616349 13.700910436486508 21.872662305801263 13.672185843555733 18.776649694662634 16.32325622792337 17.205586816054854 18.210145770415377 14.90762145159641 
9.205823055417587 16.011518419065798 9.169614371117756 8.957055763843002 14.375449304230852 10.549645279025002 0.0 7.149516857975197 9.874149120260698 8.754304135455309 18.08160541710376 10.531468548986389 15.471195827429321 11.676660473570447 12.562848864088119 14.937420426418738 10.078473481995696 
9.360443279090013 14.731657076507652 10.365839351487368 8.836579325936194 9.869994554719007 11.844472406262932 7.149516857975197 0.0 11.037077653528378 9.572847484685159 19.72841397678994 10.744769264001132 17.385273088456962 8.09383101091546 8.766794864555646 14.52224878594216 12.421419099191358 
13.573662685231907 21.725005298279093 14.801458369910119 13.593703794122273 19.891142441255983 15.25345161616349 9.874149120260698 11.037077653528378 0.0 1.4786892484737677 23.320275678730567 16.235580180833846 20.593942547538944 17.426374863112432 18.304967812530588 10.687216215569983 15.430360269584034 
10.940597673037702 19.402365471192315 12.94301588000996 11.590956338536866 17.570715920444933 13.700910436486508 8.754304135455309 9.572847484685159 1.4786892484737677 0.0 16.599525594127066 14.299686405685117 14.618697750997146 15.70175746046137 16.407592125910718 8.589007401794948 14.13703406509906 
18.78149785253175 29.34831341433526 22.458854419462078 21.91939300150371 26.648021302870667 21.872662305801263 18.08160541710376 19.72841397678994 23.320275678730567 16.599525594127066 0.0 23.85851808901023 1.9963225522173247 25.215491043845333 26.06188027495101 25.959501707097516 23.62764752846671 
5.457021912542122 7.473206452350722 5.5691288515249315 4.861602178677057 15.325610328090164 13.672185843555733 10.531468548986389 10.744769264001132 16.235580180833846 14.299686405685117 23.85851808901023 0.0 20.39633556500896 15.396672522600591 15.69692491258821 17.527963303874 16.051953687771867 
16.71019769903021 26.200985966632693 19.728560241481638 19.219161812417614 24.264020755845568 18.776649694662634 15.471195827429321 17.385273088456962 20.593942547538944 14.618697750997146 1.9963225522173247 20.39633556500896 0.0 22.876892081733484 23.689573811679157 22.23442884964655 20.931898764236163 
13.800776608391331 23.289505859049484 16.5328132273071 12.85982034054829 2.8975718398717687 16.32325622792337 11.676660473570447 8.09383101091546 17.426374863112432 15.70175746046137 25.215491043845333 15.396672522600591 22.876892081733484 0.0 1.149022100462327 19.84777084477584 15.962175402627432 
14.639465574189941 24.093154616117605 17.441559101267455 12.954774558786601 0.5680613168438458 17.205586816054854 12.562848864088119 8.766794864555646 18.304967812530588 16.407592125910718 26.06188027495101 15.69692491258821 23.689573811679157 1.149022100462327 0.0 20.37653096265019 16.740597910780313 
13.322501638859961 23.031412147111816 16.979864715024412 13.769949208155234 20.771837158638935 18.210145770415377 14.937420426418738 14.52224878594216 10.687216215569983 8.589007401794948 25.959501707097516 17.527963303874 22.23442884964655 19.84777084477584 20.37653096265019 0.0 18.486562920325206 
12.890771916844063 21.322768048440224 14.820733569683297 14.188601059574092 17.845490096145674 14.90762145159641 10.078473481995696 12.421419099191358 15.430360269584034 14.13703406509906 23.62764752846671 16.051953687771867 20.931898764236163 15.962175402627432 16.740597910780313 18.486562920325206 0.0 
