0.0 21.588372675785152 13.970853528035265 15.462712071982946 13.725702132954593 10.542158324396565 10.005132589104106 16.669887400239453 15.440440956480234 
21.588372675785152 0.0 17.39479535056941 23.64715438763934 20.709910758460705 16.93555905765967 18.595136699624454 24.526184557868337 22.430494863642505 
13.970853528035265 17.39479535056941 0.0 16.038517699002167 13.944257482649911 8.813142587804753 9.765443815470347 8.98878033552553 14.27895541313202 
15.462712071982946 23.64715438763934 16.038517699002167 0.0 16.075930732566086 12.090935368164658 8.009233761641456 19.234187293235085 15.90433749406142 
13.725702132954593 20.709910758460705 13.944257482649911 16.075930732566086 0.0 10.549645279025002 11.844472406262932 18.210145770415377 14.90762145159641 
10.542158324396565 16.93555905765967 8.813142587804753 12.090935368164658 10.549645279025002 0.0 7.149516857975197 14.937420426418738 10.078473481995696 
10.005132589104106 18.595136699624454 9.765443815470347 8.009233761641456 11.844472406262932 7.149516857975197 0.0 14.52224878594216 12.421419099191358 
16.669887400239453 24.526184557868337 8.98878033552553 19.234187293235085 18.210145770415377 14.937420426418738 14.52224878594216 0.0 18.486562920325206 
15.440440956480234 22.430494863642505 14.27895541313202 15.90433749406142 14.90762145159641 10.078473481995696 12.421419099191358 18.486562920325206 0.0 
