0.0 13.462678206991248 22.598867013319747 16.541747628917328 11.850809664970136 16.725481136976548 12.87232200145888 8.68325555876758 18.451471514592303 16.318574251723717 25.471904775584715 14.563567786458762 23.104988464476722 1.4091328401422745 19.766579811488274 16.570704226422183 
13.462678206991248 0.0 7.8954801972876725 2.856418576304764 0.8529758019754643 12.070759191018494 9.205823055417587 9.360443279090013 13.573662685231907 10.940597673037702 18.78149785253175 5.457021912542122 16.71019769903021 13.800776608391331 13.322501638859961 12.890771916844063 
22.598867013319747 7.8954801972876725 0.0 6.454664348056493 6.10728343600218 19.105410017179793 16.011518419065798 14.731657076507652 21.725005298279093 19.402365471192315 29.34831341433526 7.473206452350722 26.200985966632693 23.289505859049484 23.031412147111816 21.322768048440224 
16.541747628917328 2.856418576304764 6.454664348056493 0.0 2.6192989847932724 13.507714128876303 9.169614371117756 10.365839351487368 14.801458369910119 12.94301588000996 22.458854419462078 5.5691288515249315 19.728560241481638 16.5328132273071 16.979864715024412 14.820733569683297 
11.850809664970136 0.8529758019754643 6.10728343600218 2.6192989847932724 0.0 12.510563710745831 8.957055763843002 8.836579325936194 13.593703794122273 11.590956338536866 21.91939300150371 4.861602178677057 19.219161812417614 12.85982034054829 13.769949208155234 14.188601059574092 
16.725481136976548 12.070759191018494 19.105410017179793 13.507714128876303 12.510563710745831 0.0 10.549645279025002 11.844472406262932 15.25345161616349 13.700910436486508 21.872662305801263 13.672185843555733 18.776649694662634 16.32325622792337 18.210145770415377 14.90762145159641 
12.87232200145888 9.205823055417587 16.011518419065798 9.169614371117756 8.957055763843002 10.549645279025002 0.0 7.149516857975197 9.874149120260698 8.754304135455309 18.08160541710376 10.531468548986389 15.471195827429321 11.676660473570447 14.937420426418738 10.078473481995696 
8.68325555876758 9.360443279090013 14.731657076507652 10.365839351487368 8.836579325936194 11.844472406262932 7.149516857975197 0.0 11.037077653528378 9.572847484685159 19.72841397678994 10.744769264001132 17.385273088456962 8.09383101091546 14.52224878594216 12.421419099191358 
18.451471514592303 13.573662685231907 21.725005298279093 14.801458369910119 13.593703794122273 15.25345161616349 9.874149120260698 11.037077653528378 0.0 1.4786892484737677 23.320275678730567 16.235580180833846 20.593942547538944 17.426374863112432 10.687216215569983 15.430360269584034 
16.318574251723717 10.940597673037702 19.402365471192315 12.94301588000996 11.590956338536866 13.700910436486508 8.754304135455309 9.572847484685159 1.4786892484737677 0.0 16.599525594127066 14.299686405685117 14.618697750997146 15.70175746046137 8.589007401794948 14.13703406509906 
25.471904775584715 18.78149785253175 29.34831341433526 22.458854419462078 21.91939300150371 21.872662305801263 18.08160541710376 19.72841397678994 23.320275678730567 16.599525594127066 0.0 23.85851808901023 1.9963225522173247 25.215491043845333 25.959501707097516 23.62764752846671 
14.563567786458762 5.457021912542122 7.473206452350722 5.5691288515249315 4.861602178677057 13.672185843555733 10.531468548986389 10.744769264001132 16.235580180833846 14.299686405685117 23.85851808901023 0.0 20.39633556500896 15.396672522600591 17.527963303874 16.051953687771867 
23.104988464476722 16.71019769903021 26.200985966632693 19.728560241481638 19.219161812417614 18.776649694662634 15.471195827429321 17.385273088456962 20.593942547538944 14.618697750997146 1.9963225522173247 20.39633556500896 0.0 22.876892081733484 22.23442884964655 20.931898764236163 
1.4091328401422745 13.800776608391331 23.289505859049484 16.5328132273071 12.85982034054829 16.32325622792337 11.676660473570447 8.09383101091546 17.426374863112432 15.70175746046137 25.215491043845333 15.396672522600591 22.876892081733484 0.0 19.84777084477584 15.962175402627432 
19.766579811488274 13.322501638859961 23.031412147111816 16.979864715024412 13.769949208155234 18.210145770415377 14.937420426418738 14.52224878594216 10.687216215569983 8.589007401794948 25.959501707097516 17.527963303874 22.23442884964655 19.84777084477584 0.0 18.486562920325206 
16.570704226422183 12.890771916844063 21.322768048440224 14.820733569683297 14.188601059574092 14.90762145159641 10.078473481995696 12.421419099191358 15.430360269584034 14.13703406509906 23.62764752846671 16.051953687771867 20.931898764236163 15.962175402627432 18.486562920325206 0.0 
